id,ril_code,seed_weight,seed_size,seed_length,seed_circularity,seed_yield,fresh_gmax,fresh_t50,fresh_u7525,fresh_auc,strat_gmax,strat_t50,strat_u7525,strat_auc,35C_gmax,35C_t50,35C_u7525,35C_auc,nacl5_gmax,nacl5_t50,nacl5_u7525,nacl5_auc,36C_gmax,36C_t50,36C_u7525,36C_auc,36C_25C_gmax,36C_ga_gmax,36C_dead_gmax,peg5_gmax,peg5_t50,peg5_u7525,peg5_auc,12C_gmax,12C_t50,12C_u7525,12C_auc,h2o2_gmax,h2o2_t50,h2o2_u7525,h2o2_auc,peg3_gmax,peg3_t50,peg3_u7525,peg3_auc,nacl3_gmax,nacl3_t50,nacl3_u7525,nacl3_auc,fresh_shoot,dry_shoot,fresh_root,dry_root,hypocotyl_length
205,1,1.95264881,3.817360772,2.775942683,0.80783385,9377.5,0.956296296,36.1151123,13.15467548,153.8627167,0.969773315,33.78454208,9.875515938,81.61750031,0.837498182,46.45976257,32.12077332,120.9714127,0.922302738,64.51856995,26.98986816,119.1672974,0.285185185,46.83107376,47.96216965,39.37527847,0.07037037,0.603703704,0.010514055,0.896296296,83.35971832,45.38496399,97.09070587,0.951851852,139.6188202,42.45593643,147.9945984,0.651851852,101.4064941,87.6289444,58.3898468,0.97037037,44.34106445,16.84324837,146.214798,0.955555556,50.76880264,8.008168221,141.1885834,35.05,2.34,16.24,1.23,3.43
206,2,1.389707792,3.368161289,2.706923842,0.786560982,2801,1,57.36685562,16.47646332,140.3504791,1,50.2097435,12.16904163,67.83192444,0.977938808,65.25592804,24.6342411,128.4633942,0.910942761,143.1275177,46.20020676,50.78647995,0.422222222,81.82610321,25.59562111,48.22023392,0.499074074,0.068287037,0.010416667,0.524074074,193.5460205,32.61445618,7.308891773,1,172.7336426,49.49093246,122.7705002,0.385185185,242.2503662,87.64193726,4.871123791,0.367592593,199.9006805,75.68466949,7.546522141,0.964361702,90.24796295,28.44305992,102.5609665,22.12,2.05,11.33,1.07,2.05
207,3,1.328243289,3.27374819,2.629564881,0.796346515,4094.5,0.996296296,36.58980942,7.793540478,161.4281769,0.996296296,36.54244614,7.465872288,81.89820099,0.996296296,40.46208572,8.520176888,157.9317627,0.892592593,94.67897797,32.67616272,91.69033051,0.885185185,57.90270996,20.00045395,124.9904709,0.062962963,0.011111111,0.037037037,0.677777778,175.5806274,51.81171799,19.71806145,0.974074074,151.3974304,35.07582474,141.2897339,0.17037037,238.055954,86.2934494,3.833893061,0.637037037,126.8510132,53.14561081,44.42642212,0.97037037,53.39081192,15.11013031,139.9773407,26.32,1.66,16.44,1.02,2.94
208,4,1.883773603,3.702410194,2.813482046,0.796432734,5677,1,72.1627655,15.12341022,126.2646866,0.996296296,68.69776917,18.76081276,49.42227173,0.907407407,100.3241806,29.69754982,87.7596817,0.796296296,172.1605835,54.47210693,26.6150074,0.685185185,108.3721924,29.00530434,61.33644485,0.037037037,0.266666667,0.007407407,0.538808374,201.8244171,23.24088097,4.093608856,0.937037037,285.1013184,86.00512695,39.52192688,0.977777778,157.8089447,33.89732361,40.78396606,0.262962963,215.4418945,49.93320847,4.837918758,0.933333333,105.72892,29.35112572,85.28611755,36.02,2.7,17.45,1.36,4.02
209,5,1.66650974,3.950032914,2.879289389,0.795343488,4912.5,0.955555556,45.27363205,13.64257717,143.1107025,0.988804714,37.26736069,7.505617619,81.17539978,0.951851852,77.35702515,20.92199898,114.6518631,0.955555556,82.92142487,22.85637093,109.3431473,0.244444444,99.93386841,24.05410004,22.67730141,0.07037037,0.422222222,0.251767677,0.762962963,159.0702057,58.17689896,32.52864456,0.725925926,161.3337555,48.73900223,98.77770233,0.977777778,104.0898438,26.96184349,91.15714264,0.944444444,89.6316452,34.09449387,99.5306778,0.97037037,61.72529602,11.29804516,133.2130737,36.23,2.21,12.11,0.99,3.05
210,6,2.098557647,4.465740639,3.039355636,0.804653525,4678,0.996296296,73.6598587,18.66201973,123.9429321,0.988888889,67.89517975,15.02453613,49.766922,0.499260723,95.47771454,26.34323692,51.05373001,0.277777778,180.5833282,50.27907181,10.56843948,0.011111111,NA,NA,NA,0.118518519,0.807407407,0.051851852,0.540740741,189.0656281,41.47175217,10.78508091,0.966666667,390.3227844,85.47350311,4.629771709,0.855555556,163.0712433,46.57321167,32.48742676,0.296296296,139.255127,45.34312439,11.2436552,0.991111111,98.15799713,19.6854248,99.09703064,46.12,2.72,18.5,1.38,2.74
211,7,1.709546049,3.890533275,2.932802796,0.781160951,1245,1,41.39250565,8.599116325,157.1803436,0.996296296,41.45804596,8.182033539,77.39105225,0.983333333,55.22184753,20.24556923,137.9137268,0.895758308,88.38187408,22.21961784,99.3376236,0.7,65.77744293,27.89375687,87.43391418,0.17,0.09,0.036296296,0.75952381,167.1230316,44.31245804,28.010849,0.96,160.0935974,34.79934692,130.896759,0.016666667,NA,NA,NA,0.683333333,141.5593109,55.05162048,38.36634445,0.85,64.25084686,20.57377434,111.8193359,41.08,2.49,20.25,1.03,3.29
212,8,2.446725146,4.243537925,2.883200526,0.820742458,3425.5,0.97037037,39.87083817,9.458125114,153.7392426,0.985185185,39.34135818,5.904968262,78.88179779,0.936868687,47.237854,16.4450016,137.180481,0.977693603,72.70459747,15.02809143,122.3146286,0.616919192,52.56625748,19.48541069,87.81484222,0.185606061,0.134175084,0.048484848,0.796537842,134.6449585,47.8901062,51.1078949,0.97037037,216.3510895,74.38709259,78.97364807,0.937962963,114.4413376,38.15342712,76.70823669,0.957407407,81.09601593,30.44564629,109.8427963,0.97037037,61.52154922,13.95241547,132.9739227,37.31,2.68,22.26,1.71,2.27
213,9,1.764285714,3.978826046,2.810431719,0.815467536,975.5,0.992592593,65.41016388,13.25609875,132.5781555,1,56.50395584,16.09532166,61.49345779,0.232286634,88.21313477,24.23664856,33.34701157,0.710185185,142.8575897,31.56652832,42.39404297,0.008333333,NA,NA,57.71,0,0.780701754,0.210964912,0.373148148,197.3587646,25.1045742,3.617584229,1,260.9066467,43.86875534,45.02017593,0.275,184.2903442,53.82950592,7.220125675,0.516666667,165.0510559,59.38967896,20.78019333,NA,NA,NA,NA,32.59,2.23,15.05,0.98,3.94
214,10,1.579429945,3.556232065,2.818739533,0.774253666,5333.5,0.988969404,60.66723251,21.65774536,134.8928986,0.977777778,60.2909584,16.64256096,56.76192856,0.775442834,130.9617157,48.16110611,49.87080383,0.529150027,176.3960419,62.17534256,17.16556358,0.011279461,NA,NA,NA,0.85513468,0.122474747,0,0.622222222,177.4276886,52.52894211,17.51314926,0.962962963,366.0741882,100.9869766,7.134343624,0.233333333,213.6339874,75.5918045,3.117763758,0.311111111,192.9143524,82.43672943,8.309247017,0.744444444,100.2253799,34.08682632,69.97731781,22.93,1.5,7.49,1.02,2.41
215,11,2.224742268,3.983738661,2.721592426,0.826047242,2531.5,0.974074074,40.1591835,7.503424168,153.8171997,0.98510101,37.15651321,4.68448019,80.63118744,0.966666667,43.25047302,6.884041309,150.6845856,0.974074074,78.81287384,21.48421669,115.1976547,0.848148148,69.92668915,21.96953773,108.0537491,0.048148148,0.014814815,0.073989899,0.825925926,137.0731659,48.50346756,51.42895126,0.866666667,234.4218903,104.3574905,67.56227875,0.846296296,134.2559052,46.08482742,51.99283218,0.947222222,75.92472076,22.25530434,115.5532761,0.97037037,52.73504639,14.79082966,140.4131012,36.75,2.51,18.68,1.64,3.61
216,12,2.359539838,4.293469449,2.880468011,0.833382636,4638.5,0.974396135,52.44504166,14.44780254,140.3982849,0.974074074,59.35084152,14.72973728,56.76483536,0.833333333,72.0812912,46.00323486,100.8929749,0.77037037,148.7902679,51.03799057,40.08327866,0.524242424,65.1414566,45.24087524,65.28266144,0.123063973,0.315319865,0.011447811,0.72962963,180.2660675,55.80778885,19.94100761,0.825925926,343.5054932,102.9829636,17.31477165,0.49537037,197.9860077,88.23840332,11.65956497,0.562037037,178.2893524,65.8164978,17.04580116,0.951851852,86.05245209,30.41719627,103.6511536,52.74,4.04,26.25,1.89,4.09
217,13,1.757259528,3.972365034,3.072053075,0.767333686,5509,0.981481481,73.63695526,23.23805046,120.8779602,0.985016835,59.87121964,16.64182472,58.34301758,0.425925926,96.90676117,36.2297554,42.55989456,0.484541063,149.6845856,46.15559006,29.80618477,0.003703704,NA,NA,NA,0,0.944444444,0.036868687,0.459259259,189.8190308,27.46328735,9.913775444,0.903703704,268.2676697,80.25348663,66.45636749,0.025925926,NA,NA,NA,0.162962963,106.2531433,38.26888657,8.16092205,0.766666667,126.8082809,33.54081345,54.60725403,32.69,2.56,13.77,1.14,2.34
218,14,1.364843137,3.562510482,2.868597627,0.767103404,5906,0.992592593,64.3739624,15.15421295,133.0139771,0.992753623,56.39761734,12.59957409,61.879673,0.973737374,87.88552094,28.40970802,105.7259598,0.877777778,149.3697968,41.89522171,45.19031906,0.548148148,107.2193527,35.93016052,49.78162003,0.392592593,0.040740741,0.011272142,0.481481481,198.5811157,25.06916237,3.230429888,0.988888889,305.3714905,62.04138565,18.33428574,0.822222222,178.8073273,48.97912598,20.91374779,0.462962963,203.5792084,61.04077148,12.05938721,0.974074074,127.0957947,32.33208084,68.93991852,33.96,2.44,10.95,0.92,2.73
219,15,1.494952465,3.307335729,2.765104532,0.768281847,6747.5,0.98587963,53.44520569,9.79833889,143.8627777,0.996296296,46.97038651,8.621164322,72.14031219,0.962710438,48.56564331,11.96982098,143.0137177,0.755555556,123.9162674,31.71694756,55.43609619,0.459259259,64.90514374,25.88432884,60.09957504,0.062962963,0.437037037,0.037037037,0.537037037,174.3066559,42.9844017,14.50116348,0.848148148,372.1441956,81.48395538,3.821740866,0.933333333,148.4418793,36.89409256,46.77681351,0.766666667,129.4096527,52.88511276,58.08717728,0.966666667,86.15820313,26.70136452,107.4940567,31.49,2.07,20.77,1.31,2.9
221,16,1.052270707,3.387197003,2.812572241,0.748992443,4834,0.992424242,57.34563828,16.9241581,138.6692505,0.988888889,56.77067566,17.63717461,59.85744858,0.996296296,61.71393967,20.46634293,134.1887512,0.614814815,139.9927216,42.84803391,31.67393875,0.614814815,70.85581207,26.53223419,76.4532547,0.025925926,0.296296296,0.051851852,0.477777778,179.4744263,46.78312302,11.78343201,0.974074074,232.9403534,58.234272,64.80150604,0.31213554,237.3195038,87.28127289,3.371447802,0.340740741,158.2059479,72.68932343,15.26031971,0.983333333,78.65276337,31.83862305,113.6454544,20.56,1.76,9.29,0.84,2.53
222,17,1.534880952,3.291551187,2.835719585,0.759552747,4480,0.996296296,41.42377472,8.592511177,157.0551147,0.996376812,35.75735855,7.208650589,83.29099274,0.981561997,42.67403793,9.848628998,153.4143219,0.97037037,95.70962524,34.1882019,96.73553467,0.544444444,60.00405502,24.0559864,74.11260223,0.02962963,0.4,0.022302738,0.807407407,154.8392487,55.74876785,37.50821686,0.988888889,156.6834869,43.37465286,136.5719147,0.481481481,213.8817139,98.4270401,9.504832268,0.918518519,86.05673218,47.01704788,97.32866669,0.985185185,67.59574127,16.43527794,128.1473999,28.49,1.93,14.53,1.04,2.32
223,18,1.494158786,3.266390878,2.677191734,0.76394549,7510,0.996296296,39.45098495,7.773233414,159.323822,0.992592593,35.85359955,8.690883636,82.71400452,0.676167472,66.94940948,27.89034462,85.55599976,0.940572391,86.20964813,22.58183861,104.7436523,0.048148148,66.58198547,15.00429535,17.56317902,0.040740741,0.759259259,0.144444444,0.659259259,157.5623932,58.83604431,29.70759773,0.922222222,161.5582733,41.25625992,122.1508484,0.603703704,224.0814209,71.43251801,6.130945206,0.7,105.7249985,45.20140457,62.93386841,0.907407407,71.14962769,20.51176262,113.87323,27.82,1.77,13.78,0.96,2.86
224,19,0.893080357,2.457651382,2.285643458,0.795687944,277.5,1,54.58666992,8.760062218,143.6173096,1,49.71736526,6.776830196,70.00687408,1,58.00214005,9.016457558,141.2067871,1,101.0544357,12.42596436,98.3844223,NA,NA,NA,NA,NA,NA,NA,NA,NA,NA,NA,NA,NA,NA,NA,NA,NA,NA,NA,NA,NA,NA,NA,0.95462963,91.65006256,19.78182411,100.9676514,17.12,1.35,8.76,0.86,1.92
225,20,1.340598291,3.333790261,2.718315482,0.785803288,3023.5,1,45.43480301,9.141259193,153.7338715,0.989049919,44.40514755,8.974711418,74.17125702,0.981723027,47.94393539,8.780673027,148.2425995,0.996296296,115.0103683,28.93034363,81.97742462,0.988888889,67.96292877,14.33742046,129.5935669,0.011111111,0,0,0.696296296,183.6425171,51.32738876,16.73477936,0.985185185,392.8266602,83.39901733,4.612007141,0.292592593,254.4206085,91.13632965,1.502867341,0.9,137.5702057,55.596241,54.13833237,1,81.61439514,22.42508507,115.5133133,21.8,1.94,9.75,0.83,2.64
226,21,0.969798778,2.374462347,2.518771291,0.727387458,2576.5,0.881297447,66.58756256,28.91858482,115.1358948,0.988888889,55.49591064,12.267066,62.57461166,0.959259259,96.51113892,21.52905273,96.25939178,0.848148148,148.6257782,48.74901199,44.72800827,0.462289562,105.3884659,42.96995544,41.80152512,0.282575758,0.217003367,0.027020202,0.558333333,174.4319916,51.67822266,16.60269356,0.533333333,256.6034241,67.8314743,48.38328934,0.419444444,250.2295074,62.31069565,3.662030458,0.875925926,129.4819183,50.3397522,61.25993729,0.988888889,98.16930389,18.75814056,98.706604,12.59,1.1,7.69,0.73,1.9
227,22,1.553767057,3.305459787,2.685763717,0.782632053,6383,0.985185185,44.41891098,7.867208004,152.3204193,0.985185185,43.96461105,6.49716711,74.07324982,0.981481481,66.81077576,23.63350677,126.6001053,0.988888889,100.6757507,18.857481,96.53508759,0.622222222,109.1968002,43.3394928,57.71012497,0.307407407,0.059259259,-0.003703704,0.711111111,170.576004,57.00004578,24.43815041,0.977777778,215.8733978,34.95140457,80.89373779,0.903703704,146.0786285,55.05418777,47.2376442,0.959259259,107.3067017,38.86940765,84.9378891,0.981481481,64.94815063,14.5591507,131.0912933,24.6,1.63,14.32,1.02,2.81
228,23,1.599653878,3.405722175,2.923850894,0.741943657,4354.5,0.992592593,63.66983032,16.87585449,133.3136444,0.996296296,58.04052353,15.1828146,60.31560898,0.574074074,85.94229889,28.89560127,65.78197479,0.718518519,147.1028442,46.30613327,39.40451431,0.1,73.24768066,18.16470146,24.46702385,0.292592593,0.514814815,0.088888889,0.422222222,193.3874664,30.12564278,5.795603275,0.911111111,257.3780212,111.3925781,76.41658783,0.696296296,249.8436737,79.10137177,3.315815687,0.262962963,168.5637817,54.61028671,10.36277866,0.888888889,94.70559692,26.44544029,90.72042847,28.63,1.84,15.35,1,2.41
229,24,2.198916409,4.336038967,3.096362829,0.769658834,6735.5,0.95547138,43.75056458,7.769857883,148.7704926,0.97037037,39.83484268,4.341876507,77.51715851,0.970286195,50.21336746,9.950094223,144.4819183,0.963043478,81.00948334,21.96507263,112.5510864,0.911835749,69.26197815,21.25949097,116.4926071,0.036876006,0.021900161,-0.000241546,0.83373591,140.3670807,50.12509155,46.70830154,0.948148148,188.4633331,43.71414185,103.6290054,0.925925926,159.7155609,52.07086182,38.62877274,0.97037037,69.73805237,28.13091469,121.6984634,0.966666667,65.49362946,12.27267075,128.2276764,38.41,2.35,16.98,1.54,3.96
231,25,1.584362069,3.174360438,2.556797624,0.805776924,2892,0.822222222,53.43379593,21.56740761,117.018837,0.8,46.05784988,15.36428452,57.1231575,0.859259259,42.95780563,12.65266705,132.4835358,0.781481481,96.66244507,37.5216217,76.28163147,0.772222222,54.2711525,16.96895409,110.2484436,0.061111111,0.007407407,0,0.612037037,161.633728,55.52402115,25.78841972,0.888888889,176.6571198,54.63783646,104.5552292,0.026851852,NA,NA,NA,0.581481481,148.0475616,85.34295654,31.42799568,0.943518519,71.23119354,32.68725586,115.0116043,24.65,1.51,11.88,0.81,3.11
232,26,1.556130435,3.899913619,2.997937799,0.753324062,2992.5,0.914814815,94.71862793,31.84305382,94.14627075,0.940740741,95.03533173,22.82742882,23.8494854,0.022222222,NA,NA,5,0.077777778,169.3776398,28.71181488,5.622306347,0,NA,NA,NA,0,0.825252525,0.115488215,0.341666667,210.6461182,11.56358337,0.288204342,0.962962963,280.2579041,56.01183701,28.49279022,0.425925926,260.2786255,53.53117752,0.539488852,0.025925926,NA,NA,1.1,0.162037037,162.6595306,6.082855225,5.214832783,29.91,2.38,13.43,1.12,3.15
233,27,1.868690645,4.154210582,2.953952193,0.797478616,5196.5,1,44.7840271,13.6581831,152.1373901,0.996296296,43.42384338,10.97554493,74.90657806,0.959259259,86.48026276,38.85376358,101.958992,0.640945689,150.815506,49.38395309,33.20310211,0.587600644,116.9584045,41.65427017,45.37959671,0.379388084,0.029307568,0,0.421885522,190.5745239,42.52681732,7.682765961,0.97037037,182.424057,53.44417191,108.6103134,0.296296296,192.9698029,99.26590729,8.997126579,0.203703704,141.3399963,39.88720703,6.106687069,0.940740741,84.20757294,22.17678261,106.2329483,38.03,2.59,14.2,1.38,3.01
234,28,2.133424098,4.506303651,3.117062807,0.794570059,5202,0.95958132,53.73869705,17.76881409,137.7993469,0.977693603,51.56676102,14.24906063,65.26734161,0.955555556,67.8737793,30.9146347,119.9870987,0.768181818,121.4392471,36.73484802,61.82118225,0.540740741,84.63944244,38.47875977,61.95532608,0.385185185,0.033333333,0.018434343,0.637037037,188.7290497,38.10704422,11.70702267,0.977777778,205.0665741,45.3167572,90.31262207,0.662962963,177.5950775,99.65970612,23.59681129,0.466666667,161.1851807,52.68385696,24.54376793,0.932407407,110.0509033,31.34966087,80.49481964,38.1,2.62,15.83,1.26,3.61
235,29,2.729682968,5.293347777,3.269119143,0.796651483,752.5,0.942989418,43.34160995,11.05405331,146.8154755,0.950925926,43.37191772,14.0028944,70.94686127,0.906228956,56.58346939,21.34822655,126.0191269,0.705555556,162.9415283,78.6486969,31.0782547,0.883333333,71.96675873,38.99124146,107.3360214,0.083333333,0.033333333,0,0.533333333,186.210434,44.07956314,10.76721859,0.7,286.933075,132.492569,30.0628643,0.35,267.569519,110.8625412,3.546083212,0.566666667,144.4329224,56.48940659,30.92957497,0.883333333,72.70766449,26.6781559,108.5031967,48.39,5.27,28.14,1.96,2.41
236,30,1.545257758,3.161125606,2.756265879,0.752197891,8195,0.896537842,85.49645233,30.18592834,101.0203323,0.996296296,68.55931854,14.4326067,50.1379509,0.714371981,95.46160889,25.65158081,73.21015167,0.107407407,148.5253601,37.15222168,8.231102943,0.022222222,NA,NA,NA,0.003703704,0.799747475,0.170622896,0.235690236,191.1991272,36.65000916,5.138734341,0.907407407,363.9952087,80.22170258,6.326118946,0.17037037,255.8279572,22.82067108,0.004633533,0.111111111,125.8119888,42.96094131,2.169408798,0.955555556,98.13806915,33.06074142,93.73487091,28.69,1.75,15.26,1,2.22
237,31,1.719,3.673872316,2.93646574,0.745301545,2097,0.851178451,80.2025528,31.44992638,97.25344086,0.922222222,72.90917969,18.24123383,42.06633377,0.507407407,130.1760864,53.47379684,34.4222374,0.233333333,183.489563,71.11584473,6.380312443,0.003703704,NA,NA,NA,0.055555556,0.659259259,0.203703704,0.366666667,197.1716461,24.08624268,3.888043165,0.555555556,421.6042175,117.8508224,2.110746622,0.033333333,245.4810486,79.11430359,0.495119959,0.085185185,86.06717682,31.03125954,0.245315909,0.60462963,110.8562775,39.15314484,44.70704269,33.4,2.23,12.93,1.11,2.84
238,32,2.25961935,4.514354911,3.166039467,0.770438313,6729,0.981481481,49.75498962,10.45087337,145.5729675,0.922785829,51.64541626,7.254061222,61.72986984,0.640740741,95.99099731,22.13720131,60.45772171,0.722222222,126.257782,33.33727646,51.80623245,0.018518519,NA,NA,NA,0.196296296,0.551851852,0.156119163,0.566666667,169.7995758,62.88581848,20.42331696,0.937037037,246.4210205,67.85677338,52.80141068,0.811111111,188.8814087,48.03634262,22.87818146,0.366666667,137.7741394,43.15803146,23.92590523,0.955555556,110.732399,22.50937462,83.53902435,39.77,2.42,16,1.03,2.92
239,33,1.68634666,3.547642348,2.960424185,0.742413521,3454,0.792592593,69.15139008,22.69895172,100.2530136,0.985185185,64.07268524,13.15055847,53.90203857,0.507407407,87.56201935,23.69954681,56.71383286,0.051851852,161.167099,54.93356323,5.401836395,0.018518519,71.71323395,12.60986328,11.34023952,0.007407407,0.955555556,0.003703704,0.338888889,176.2316742,61.63256454,10.17619228,0.893518519,269.3406067,56.55118942,38.12852097,0.587037037,193.5807037,56.8993721,10.99688435,0.368518519,140.08078,43.57720947,22.30350494,0.92962963,84.62194061,22.18453789,104.8749008,26.76,2.25,13.71,1.12,2.26
240,34,2.251382716,4.612841932,2.872081995,0.830098242,523,0.87962963,91.59168243,47.83239746,89.50836182,0.9,72.90561676,29.94350243,41.54324722,0.558333333,104.965416,53.37408066,47.2650795,0.583333333,142.5510406,60.71308899,32.84215927,0.033333333,NA,NA,NA,0.183333333,0.683333333,0,0.45,196.8039093,30.52939796,4.406897545,0.966666667,356.6976013,129.8505402,14.41684055,0,NA,NA,NA,0.283333333,128.4215698,45.49721146,6.013862133,0.858333333,80.55477142,34.26859665,96.96904755,26.91,2.16,9.84,1.01,2.19
241,35,1.322650674,3.016566774,2.753891945,0.741495013,8052.5,0.996296296,38.44569397,9.087861061,159.4494019,0.996296296,36.29999924,6.936431408,82.58581543,0.977777778,58.17281723,18.6213398,136.2798004,0.618518519,101.0155411,42.81692123,58.87878036,0.5,78.50113678,34.62511444,76.43332672,0.192592593,0.307407407,-0.003703704,0.640740741,183.5271454,38.14979935,14.91837025,0.966666667,212.3324738,67.03209686,88.44293213,0.281481481,223.5941925,75.23922729,5.681344986,0.540740741,93.66701508,39.50936508,55.5049324,0.966666667,61.12739944,14.06730652,131.8772125,35.07,2,12.16,0.98,3.48
242,36,1.902059271,3.836180536,2.833302855,0.804801255,4762.5,0.981642512,43.99533081,8.697704315,152.3116913,0.996296296,41.07661819,8.258923531,77.52217865,0.996296296,56.10548401,15.57932949,141.0103302,0.925925926,87.20480347,31.42437553,102.5540466,0.677777778,82.6029129,35.30532837,76.88467407,0.074074074,0.240740741,0.003703704,0.685185185,138.246933,65.67577362,42.31938553,0.37037037,409.2401428,83.12221527,3.641865492,1,117.2368469,25.66719055,80.85888672,0.992592593,82.49217987,31.2828846,112.084053,0.896296296,68.76927948,20.96256447,111.2520065,33.47,2.34,16.66,1.24,3.38
243,37,1.63586883,3.684166505,2.948976636,0.760585219,2969,0.98534279,73.12767029,17.40139198,123.0404053,0.992592593,66.28743744,13.82187748,51.88621521,0.977777778,87.63578033,18.19788361,107.2462234,0.74023569,176.1406097,79.92220306,31.80764008,0.6,119.3831406,30.015131,47.65808487,0.262962963,0.118518519,0.011111111,0.607407407,180.7584076,39.85079193,15.43742466,0.885185185,315.97052,81.78352356,19.28598404,0.822222222,191.1721039,70.38938141,24.07338524,0.359259259,146.9040985,66.37289429,25.85708618,0.92962963,119.5993652,29.05887032,73.4925766,31.37,2.4,13.43,1.36,2.51
245,38,1.130712251,2.787438297,2.522269368,0.770960242,1376.5,0.840740741,51.12681198,24.25184059,121.6462326,0.976851852,51.07579422,12.91425037,64.82454681,0.27962963,112.5628357,29.59549713,39.93670273,0.150661376,162.2886353,36.03076935,7.85710001,0,NA,NA,NA,0,0.564814815,0.412037037,0.45,174.8513031,55.16446304,13.31862354,0.916666667,313.8430786,102.2327652,27.98175049,0.3,240.3778076,54.36577606,2.269331217,0.391666667,85.68674469,19.2454586,35.02419281,0.848148148,113.6024246,32.68510437,71.09037018,23.05,1.69,NA,0.68,2.48
246,39,1.715966387,3.932347298,2.794568539,0.805655122,1549.5,0.992508418,64.1710434,14.76186848,132.7868958,0.992420327,53.61835098,7.548537731,65.4211731,0.866666667,110.8330002,42.79044724,74.96501923,0.948148148,127.2864151,28.48886108,66.31541443,0,NA,NA,NA,0.425,0.575,0,0.733333333,175.0728149,44.13737106,22.83114815,0.984259259,355.513031,55.93893433,8.153855324,0.122619048,297.4478149,46.67393494,0.297282338,0.739814815,166.5761566,49.5438118,36.53279877,0.875,87.56932831,17.11210823,95.17185211,29.89,2.58,14.98,1.41,2.3
247,40,1.380216273,3.605277674,2.81250906,0.783687443,6376.5,0.95530303,50.6844635,11.28573608,141.4747467,0.977938808,50.88630676,10.07377815,66.57540131,0.922222222,77.73130035,22.04232597,110.9206772,0.962962963,121.8736496,32.25117493,72.2972641,0.164975845,95.8904953,29.99286652,30.99780846,0.184541063,0.561594203,0.066827697,0.759259259,171.0130005,46.42842484,23.94926262,0.97037037,226.1346283,55.59220505,71.62863159,0.511111111,236.0026245,79.56812286,4.234879971,0.822222222,143.2342529,46.4984169,45.19110107,0.981481481,85.32191467,21.49645805,109.8751221,25.28,1.73,9.87,0.88,3.04
248,41,1.381258741,3.46378765,2.737485886,0.782456338,8358.5,1,49.47036743,9.065217018,149.5270538,1,45.30687332,8.197871208,74.04245758,0.996212121,51.52603149,11.94604969,146.4751129,0.962962963,111.4956665,38.2230072,84.22260284,0.940740741,71.60161591,24.69828606,117.6818542,0.048148148,0,0.011111111,0.781954295,157.860611,52.08836746,34.72584534,0.974074074,300.9729309,77.17288971,25.73451424,0.766666667,189.3334503,75.91101074,20.16391182,0.825925926,126.0954971,50.46818542,63.73962021,0.897020934,78.47785187,25.09451866,103.1452026,18.59,1.76,9.75,0.91,1.89
249,42,1.896144419,3.567765828,2.810551882,0.784190148,4147,0.996296296,66.2135849,19.77487946,130.9226074,0.988888889,56.11539078,15.11730671,61.27287674,0.937198068,73.81661987,21.70288086,115.0911179,0.874074074,138.8942413,49.35389328,52.48771667,0.417310789,73.99308014,30.1665535,60.99598312,0.136553945,0.423913043,0.011111111,0.574074074,183.1238556,46.57570267,13.81788921,0.977777778,351.2174377,70.06565094,10.45570469,0.366666667,170.9146118,88.07913971,13.76489162,0.425925926,155.8590851,50.17884827,22.55359459,0.951851852,88.23183441,27.90427589,102.8077164,29.06,2.34,11.18,1.05,2.17
250,43,1.356749876,2.796434424,2.502371788,0.793296009,6149.5,1,41.0883255,14.25390911,156.5589752,0.996296296,39.12434006,9.615796089,78.82271576,0.962794613,62.84358597,19.0610218,129.4258423,0.54357762,108.5163956,47.62809753,48.94029617,0.495783926,50.87620544,14.12220478,109.6302643,0.171296296,0.318181818,0.011034256,0.437037037,181.8549957,57.45866013,11.22087097,0.885185185,215.1821289,78.12091827,76.63631439,0.340740741,243.352356,57.69642639,1.885911465,0.477777778,101.4401932,47.74674988,45.64965439,0.977777778,78.00627899,25.46452141,115.8523331,21.71,1.47,11.5,0.8,2.21
252,44,2.15942623,4.143366333,3.027971983,0.777050406,2731,0.74468599,108.9357986,38.60517502,70.10437012,0.641112343,90.43090057,32.06079483,23.2730732,0.244444444,175.7400513,35.07743835,17.75277138,0.181481481,188.9320526,60.43571091,6.954649925,0,NA,NA,NA,0.018518519,0.681481481,0,0.374074074,207.7996368,25.1977787,2.189196348,0.514814815,437.8632813,130.0499878,2.067093611,0.524074074,183.645401,68.35133362,25.62290764,0.24537037,112.7504578,29.17755127,7.531860352,0.950241546,107.5234756,36.36745071,83.75558472,35.93,2.65,15.91,1.34,2.46
253,45,1.932457344,4.306373477,3.180184245,0.736382216,9636.5,0.992508418,65.20822906,16.68016815,131.6049805,1,57.80818558,12.86559772,61.03710556,0.962962963,125.116188,31.84609032,69.53261566,0.981481481,130.9739685,29.80640221,65.92385864,0.107407407,182.0184021,37.8302002,5.030511856,0.562962963,0.322222222,0.007407407,0.782125604,172.071701,49.54481888,24.98340034,0.988888889,309.8780212,48.57188797,12.40826035,0.937037037,139.0923615,43.07785034,54.83619308,0.925925926,162.1100464,52.66350937,38.96250534,0.977693603,107.9147568,24.01679039,88.08337402,28.18,2.2,14.48,1.33,2.43
254,46,1.314108986,3.198068544,2.798163772,0.737973183,6369.5,0.933333333,29.66758537,6.006999969,157.3723145,0.889130435,32.69420624,3.721339226,76.74950409,0.941062802,39.36192703,6.156947613,150.3465729,0.944107744,61.72459412,20.83130646,127.3777771,0.796585419,55.58786011,18.72611809,112.9443436,0.099937784,0.04058703,0,0.803703704,124.9423752,49.28330612,57.03210449,0.918518519,179.0387115,58.42292786,105.9491653,0.444444444,132.0115662,62.97377014,30.20380211,0.922222222,69.40559387,27.01286888,115.4913635,0.962962963,59.43444443,12.80582714,132.4966583,21.82,1.61,8.69,0.78,2.29
255,47,1.464462351,3.028605402,2.591981292,0.796473205,5830.5,0.996296296,67.02939606,19.95644188,130.1129761,1,62.70595932,16.51353645,55.89036942,0.874074074,88.48163605,27.87261391,97.06051636,0.440740741,137.2851715,34.14399719,27.9804306,0.216077441,104.7437744,31.30937004,28.75344276,0.022222222,0.606060606,0.155639731,0.437037037,199.7810211,23.47748375,4.680056572,0.851851852,301.5773315,72.95796204,21.58851433,0.374074074,218.7430267,79.08963013,6.122134686,0.333333333,133.6344757,37.92634964,14.04996872,0.973504274,79.81564331,21.95416832,113.3905869,25.88,2.05,11.75,1.26,2.59
256,48,1.324925558,3.755162546,2.836031318,0.754330248,5924,1,68.69499207,17.43772697,129.6813202,1,67.00884247,16.81945801,51.55512619,0.952009456,110.079628,23.45845985,84.1337204,0.685185185,169.1137238,37.27468109,33.08879471,0.218518519,109.6174316,40.84233475,23.92435265,0.333333333,0.314814815,0.133333333,0.555555556,193.368454,36.44646835,10.89288044,0.988888889,268.1629333,59.30965042,41.11187363,0.855555556,167.510849,57.15433884,36.79166412,0.437037037,153.7857361,54.76773453,15.08049488,0.922222222,118.3013,38.09719467,71.34636688,21.36,1.93,8.57,1.01,2.7
257,49,2.340217391,5.701554775,3.565767288,0.770136476,2142,0.87037037,53.69353867,14.1478014,123.5929947,0.877777778,54.83042908,15.30904865,55.02752686,0.759259259,78.17443085,31.81998634,85.7289505,0.878844648,96.08889008,20.59192848,89.43210602,0.265740741,100.3473511,24.48293304,28.05200195,0.312962963,0.278703704,0.02037037,0.730820106,164.2908936,42.42772675,27.76096916,0.868518519,172.3149261,32.61351776,110.9176559,0.733333333,139.876236,50.83460999,44.3604126,0.77962963,139.9367218,47.41932678,45.6329155,0.741666667,83.02266693,16.63222313,84.02996063,37.28,2.24,19.22,1.28,3.04
258,50,2.088406296,4.470158303,3.188147545,0.759747207,3061.5,0.963365539,43.260849,8.907684326,148.9490204,0.977777778,39.73306656,7.134366512,77.85598755,0.937037037,66.21683502,26.53866768,120.9395828,0.956481481,90.99097443,22.54105377,102.2710571,0.236795491,75.91467285,23.61505318,50.88666153,0.266183575,0.441706924,0.033091787,0.632407407,150.7574005,41.96997452,29.6213131,1,244.3257446,52.10923386,57.67889404,0.692592593,177.1177368,50.59644699,22.41905022,0.894444444,87.39664459,33.24699783,97.23233795,0.992592593,91.49090576,33.08820724,102.866272,29.81,2.39,15.81,1.4,2.32
259,51,1.799786325,3.93057938,3.08380115,0.740334541,5214.5,0.796698873,47.15995789,13.55473232,120.2114944,0.803703704,47.96020126,9.314455986,57.88619995,0.807568438,67.70363617,27.32137871,105.1162109,0.792255892,80.84720612,25.75223732,91.5154953,0.296632997,69.85909271,22.99927521,71.92188263,0.011111111,0.524875567,0,0.637037037,148.4546661,54.62681961,32.2032814,0.718518519,276.1866455,89.98239899,31.26447487,0.322222222,147.3959351,81.63432312,16.70469093,0.774074074,90.77101898,48.90604782,81.33450317,0.783333333,65.28646088,20.22834206,100.0072327,24.87,1.93,11.72,1.1,2.48
260,52,1.627569307,3.807672057,2.827505231,0.780650854,6226,0.992592593,48.58901978,11.94344807,148.7497101,1,49.12014389,15.98399353,68.91890717,0.814025002,74.89538574,37.62377548,95.25137329,0.859259259,132.1574707,43.66014481,55.20315933,0.033333333,87.65898132,30.42058563,9.681853294,0.922222222,0.025925926,0.018518519,0.737037037,175.2746582,55.04449081,23.11671257,0.985185185,160.8692169,45.60415268,134.930542,0.314814815,171.5500641,89.83332062,22.89480591,0.555555556,160.7786255,53.55550003,24.16374016,0.858333333,86.60774994,28.01660728,93.0072937,26.85,1.6,11.06,0.76,2.53
261,53,1.688163871,3.587985469,2.979316473,0.750282466,4810,0.962962963,84.36646271,24.44498634,108.7734909,0.948888889,68.46512604,20.40714645,46.94952774,0.427669587,171.2757111,110.2637711,29.2142067,0.585185185,149.3841095,55.35837936,28.66786003,0.081481481,41.38289261,10.08230495,32.97041702,0.003703704,0.8,0.063703704,0.607407407,176.1583099,51.1321373,17.55391312,0.896296296,410.5272217,96.74343109,4.801222324,0.748148148,190.1458282,62.86213303,16.18704796,0.492592593,157.2073669,65.09324646,22.11917305,0.855555556,115.3882523,25.08525848,69.7272644,27.72,2.46,12.82,1.51,2.05
262,54,1.319039548,3.537695459,2.884811878,0.745283455,1652.5,0.977777778,99.66486359,37.16805649,93.73635864,0.992592593,84.12329102,31.09243774,35.02427292,0.967999097,115.8057327,38.38203812,77.50235748,0.677777778,202.9068451,64.26226044,15.35896301,0.875,139.5596161,53.18619919,51.16963196,0.108333333,0,0.009259259,0.666666667,207.6587677,16.38307953,2.302704811,0.966666667,363.3137207,77.54759979,7.554454327,0.375,256.177002,105.0489502,4.651516438,0.241666667,130.5346832,34.77428436,0.610646665,0.911111111,119.3111877,36.72574234,70.77884674,23.73,1.92,10.54,0.87,2.37
263,55,1.478292276,3.478602195,2.856564999,0.764508963,6472,0.992753623,39.68776321,9.084841728,158.1876678,0.988888889,40.5867424,10.3693943,77.36778259,0.977777778,48.04150772,16.12998581,146.3058777,0.992592593,102.9246826,23.37584114,94.2024765,0.319276094,57.64068604,18.42793083,45.37348557,0.126599327,0.539225589,0.003787879,0.852012882,150.0445251,50.1999054,43.0461998,0.992592593,204.9701538,62.87150192,92.06799316,0.896296296,124.1629257,56.13962173,63.81351852,0.937037037,106.272728,35.55834579,85.04891968,0.966666667,81.86135101,17.8293972,112.4109192,25.71,1.97,10.73,0.93,2.27
264,56,1.608947368,3.513853615,2.911442041,0.753706515,4860.5,0.438244767,72.03340149,26.40327454,54.10192871,0.581481481,65.19779205,19.11400032,29.31905937,0.266666667,91.31531525,31.44689941,29.898983,0.277777778,147.7466888,52.69761276,16.03201866,0.033509003,136.8634491,35.49313354,5.550814152,0.051855512,0.895864442,0,0.159259259,191.3167419,34.11540222,4.752087593,0.685185185,347.6263733,125.5377579,10.6050539,0.881481481,193.0897675,49.199543,16.44936943,0.485185185,174.3473663,74.9076767,17.35694313,0.734259259,99.43785858,24.44566154,70.99897766,32.22,2.37,17.8,1.51,2.44
265,57,1.432743363,3.389909267,2.773534775,0.750833094,3160,0.907795345,58.00604248,23.77366066,123.9568787,0.881481481,55.42312241,16.73073006,54.47804642,0.766666667,104.0536423,40.05161667,68.29021454,0.87037037,108.7959518,27.66281128,77.30677032,0.033333333,96.60679626,24.32382965,10.01433849,0.814814815,0.088888889,0,0.722222222,162.3453522,46.61850357,28.37180519,0.792592593,281.5194702,71.32816315,29.3941021,0.762962963,153.0946808,59.36305618,36.59243393,0.781481481,114.2525635,49.92526245,62.5694313,0.9,69.17912292,16.72712517,113.597496,21.46,1.93,10.99,0.92,2.18
266,58,2.173970694,4.835480572,2.985918164,0.822704464,3944.5,0.951851852,53.1240654,10.60946655,138.8431854,0.970198105,50.24554443,10.40988064,66.76404572,0.903703704,97.52105713,29.84594536,90.50512695,0.914814815,116.0482407,37.39369583,73.9017868,0.093181818,117.1367874,17.0235939,19.21720505,0.683838384,0.189393939,0.003783964,0.762962963,163.8883972,47.86193466,31.18345642,0.344444444,439.4671631,139.3415375,3.473762751,0.637037037,242.5699005,75.40561676,3.642603874,0.796296296,124.5951614,55.78569031,61.92437744,0.941666667,96.5235672,24.17655754,94.89710236,30.76,2.31,17.77,1.3,2.16
267,59,1.390155678,3.563181422,2.731730103,0.802197397,1595.5,0.973905724,49.49365234,14.05445862,142.9028778,0.940740741,45.64226151,13.07483768,67.84179688,0.863191438,76.05283356,22.87716103,105.904808,0.896201142,109.4400558,35.98334885,77.19062042,0.07962963,100.6217651,30.54113007,32.14659119,0.257996633,0.602861953,0.000252525,0.666666667,165.5988312,59.16443253,25.99390602,0.853703704,245.1184692,100.1391373,68.76476288,0.508333333,212.513916,94.22058105,9.594267845,0.750925926,125.2199936,57.83943176,52.6748085,0.925,85.96524811,24.71634865,101.8412399,19.27,1.84,18.17,1.38,1.8
268,60,1.336133618,3.057000435,2.629508257,0.774854183,2097.5,0.967592593,54.67950058,11.84174824,139.3447418,0.956902357,48.49311447,10.43893433,67.44684601,0.959259259,62.64292526,12.73872089,130.348938,0.862198068,126.9861145,28.50874329,62.72323608,0.911111111,61.43969345,16.64573479,124.3999405,0.04537037,0.003703704,-0.003282828,0.583333333,178.9877472,53.08139038,15.4333334,0.864814815,210.8841553,52.2872963,78.56769562,0.023148148,NA,NA,NA,0.57037037,154.4583435,49.6998024,27.06559753,0.9,91.72841644,13.6231699,94.95609283,22.88,1.91,13.47,1.23,2.37
269,61,2.124740908,5.040725128,3.339280128,0.74198395,1316.5,0.80410628,113.2237473,40.52421951,66.33578491,0.896296296,96.9552002,29.01756096,22.54187775,0.482850242,159.6958313,53.44677734,21.64511681,0.066666667,207.0535736,48.2170372,1.607667446,0.008333333,NA,NA,NA,0.088425926,0.756018519,0.043518519,0.283333333,202.3768311,11.59023666,0.958650827,0.158333333,448.4989929,152.6898193,1.38351965,0.408333333,308.0179138,28.01376915,0.107050017,0.15,81.10275269,24.96457481,0.989516735,0.455555556,158.863678,26.56765747,19.82534599,49.13,3.17,25.9,2.03,2.53
270,62,1.700345622,4.089832373,3.324862957,0.709036767,4261,0.988888889,79.628479,23.8103466,115.5698929,0.974235105,66.61467743,18.39693642,50.07712936,0.044444444,185.0862427,126.287323,5.677613258,0.292592593,213.9553223,69.22479248,4.771763325,0,NA,NA,NA,0.014653784,0.804589372,0.154991948,0.325925926,205.0698395,14.34331799,1.101073384,0.974074074,236.6715851,53.44649887,61.70192337,0.308333333,226.8130035,46.05942154,1.737056375,0.063888889,66.97414398,14.88213062,1.330810547,0.837037037,117.5238419,25.84106445,67.22890472,27.91,2.24,16.56,1.36,2.28
271,63,1.477138739,3.357680922,2.707687378,0.775873452,6402,0.974074074,67.29782867,30.89565086,122.330101,0.985185185,57.90238571,19.88148499,59.04813004,0.514814815,79.0167923,24.80708504,60.65223694,0.470833333,105.5722885,27.35121155,39.29763794,0.151851852,87.6381073,21.94877625,18.66991425,0.103703704,0.492592593,0.237037037,0.344444444,179.6759644,34.64016342,6.339066029,0.592592593,262.223053,119.8990707,31.92256355,0.774074074,200.6917725,52.62072754,10.95002842,0.562962963,116.100647,39.21537399,46.46409988,0.940740741,77.58330536,20.82851982,112.1356506,22.94,1.94,16.15,1.44,2.74
272,64,1.630839433,3.465826105,2.70639956,0.799792439,2151,0.941481481,69.16178131,17.69211388,120.5697556,0.941143317,68.5741272,17.25348282,46.80714035,0.922222222,79.53762054,25.19050598,107.3885574,0.674074074,172.0415649,50.19070435,21.2553463,0.558333333,105.9668503,27.18099213,52.05633163,0.05,0.266666667,0.066143317,0.691666667,167.5665436,51.33016968,25.65250969,0.669444444,399.1720886,115.9964828,6.358988285,0.075,345.2593384,18.77416992,2.55311E-10,0.308333333,137.3581085,38.46676254,4.39586401,0.877777778,115.0731735,26.98546791,72.26769257,29.85,2.47,12.39,0.92,3.2
273,65,1.735323184,3.515735021,2.753586769,0.792670429,3639.5,0.974074074,62.40828323,13.28077984,133.1272278,0.956038647,63.29784775,8.465405464,53.77788162,0.988888889,70.07544708,15.14836597,126.6101379,0.896296296,151.6257782,36.62364197,42.49187088,0.644444444,103.5966492,26.85433388,60.67448044,0.340740741,0,0,0.725925926,176.8056488,36.8969574,19.57397652,0.959259259,313.274292,60.27670288,14.51050949,0.559259259,247.9674225,69.31859589,2.133300066,0.737037037,164.984787,56.8989563,27.77532768,0.991666667,80.95747375,14.27189922,116.5848465,32.51,1.84,11.41,0.9,3.21
274,66,1.809090238,3.878635207,2.716870785,0.791724324,4288,0.566666667,73.37728882,22.392416,69.56275177,0.747474747,65.73410034,17.11814117,39.22916794,0.807722616,112.0431519,38.33111954,69.04503632,0.440096618,135.9543304,57.45291138,31.12302208,0.118518519,143.0344696,54.72522736,7.903169155,0.355555556,0.496296296,0,0.163552189,158.5306244,46.01234055,6.655663967,0.059259259,451.8775024,137.9340515,0.327467918,0.722222222,232.359375,64.66293335,5.160320759,0.737037037,103.5331345,34.42240906,67.48683929,0.536111111,78.99336243,23.29495239,54.42569351,28.42,2.25,17.12,1.17,2.7
275,67,1.730286136,3.606194219,2.763410449,0.795782447,7973.5,0.963204509,40.23194122,9.619961739,151.8198242,0.981481481,34.86927032,7.21425581,82.52244568,0.977777778,54.15989685,16.31899834,140.0140533,0.885185185,92.81189728,31.91569519,91.56380463,0.612710438,76.19954681,31.9857235,71.9977417,0.264646465,0.096632997,0.007491582,0.696296296,153.0997314,62.1073761,33.86267853,0.977777778,151.5388641,32.14566803,141.6882935,0.364814815,200.1395264,120.9717636,13.50317955,0.677777778,91.58689117,41.30416489,70.9156723,0.92962963,51.60377502,19.09557152,133.1343536,35.31,2.59,19.35,1.46,2.8
276,68,1.614049587,3.510766665,2.823136806,0.762116492,3463,0.985185185,30.33820534,3.363190413,166.3740845,0.992592593,28.24260521,3.724666834,90.74588013,0.989049919,37.34505844,9.215626717,159.6782379,0.981481481,75.984375,31.68580818,117.0139771,0.914814815,39.37731171,14.75688076,144.649704,0.059259259,0.018518519,0,0.792592593,153.7635651,60.20199203,38.18167496,0.985185185,124.0931168,19.27762413,171.7792358,0.540740741,217.3621674,71.77301025,6.270681381,0.92962963,89.48978424,47.11953354,96.96331024,0.974074074,55.37658691,12.49178791,139.037674,25.53,2.04,19.18,1.23,1.86
277,69,1.188519116,3.065682507,2.772482276,0.733372331,5831,0.844444444,53.1480751,12.28797626,122.397583,0.825420875,57.57976151,13.18616772,50.45248413,0.495117845,78.19029236,24.9043026,59.56840515,0.7,120.092186,28.75773048,52.99544907,0.151851852,84.64588928,25.28201866,32.37345886,0.007326892,0.486312399,0.179929732,0.477777778,183.5963898,39.85504532,9.143039703,0.911111111,280.2407532,76.27310944,29.93497658,0.718518519,162.7608185,57.91093063,28.74841881,0.707407407,155.6320648,54.46822739,33.24393463,0.77037037,78.17603302,13.5947504,91.75177765,27.07,1.86,8.84,0.76,2.35
278,70,1.276229508,3.335051284,2.605541945,0.785821378,1557.5,0.988888889,58.06193924,13.43454075,138.4099579,0.996296296,52.91055679,11.6332407,65.34503937,0.955636071,68.32391357,18.7955265,122.4141464,0.592069243,129.1452637,42.10998154,42.61578751,0.083333333,100.7346725,42.4618454,23.57793236,0.275,0.616666667,0.021296296,0.65,171.6329956,58.59334183,24.57460022,0.903703704,224.1445465,39.42869186,69.72805023,0.491666667,192.3495178,83.11435699,16.24739075,0.433333333,158.2446136,44.76278305,18.37279892,0.975,76.47187042,17.86664009,116.5654297,25.71,1.83,13.89,0.93,3.21
279,71,1.73508547,3.499318634,2.774990439,0.789958328,3812.5,1,46.93469238,13.77756023,151.4199829,1,47.15996933,9.847313881,72.04288483,1,74.92606354,16.83494377,123.6633835,0.707407407,141.0700684,62.91110229,39.67925644,0.918518519,82.16976166,15.01613998,107.4183121,0.011111111,0.066666667,0.003703704,0.677777778,185.5876923,39.22871399,14.53321171,0.985185185,242.7070313,70.18032837,61.82365799,0.877777778,130.5553436,41.35193253,57.84392929,0.803703704,124.5386734,51.89954758,59.30659866,0.981481481,73.07738495,20.58583069,122.2999649,45.97,2.7,19.8,1.29,3.41
280,72,NA,NA,NA,NA,609.5,0.921296296,53.26696777,16.9834156,132.9452972,0.95,45.94906998,10.34833145,69.74060822,0.916666667,61.00502396,21.97483826,122.736702,0.908333333,137.7726746,42.30581284,56.18692398,0.65,84.39489746,52.00979996,67.21192169,0.266666667,0.066666667,0,0.561111111,186.9900055,41.31774521,11.88950634,0.65,366.0151672,158.6221619,10.27221012,0.166666667,233.8664551,72.71759033,2.73080492,0.566666667,150.3533478,47.77930832,28.38229561,NA,NA,NA,NA,NA,NA,NA,NA,NA
281,73,2.281175229,4.429996213,3.031138182,0.792302489,7612,0.996296296,38.87481308,12.43910503,156.9495087,1,35.6751976,8.437381744,81.37995148,0.977777778,59.23254395,26.74886513,132.470993,0.914814815,135.1278534,62.66783524,56.7794075,0.67037037,67.15061188,29.74764824,84.79413605,0.251851852,0.059259259,0.018518519,0.73015873,167.9266205,47.81736374,26.05468941,0.97037037,181.7753754,53.27545166,113.3068542,0.788888889,139.8977051,62.28821945,44.65360641,0.607407407,148.8239594,74.45019531,33.48785019,0.783333333,84.65930939,38.22036743,85.63732147,34.36,2.92,21.14,1.99,2.4
282,74,1.503388171,3.27392243,2.76804781,0.748462021,8367,1,69.04374695,15.21485424,129.8041992,0.996296296,67.89295197,13.16705608,51.03428268,0.966827697,106.6581726,37.89693069,86.318367,0.930515298,136.3030548,33.15318298,56.62108231,0.405716586,143.0558624,57.45755005,25.40312576,0.394363929,0.170289855,0.025925926,0.711111111,175.4104156,47.97083664,20.1844883,0.977777778,311.9745789,78.31557465,20.66819191,0.97037037,176.7975616,45.90616989,26.11492348,0.514814815,159.0731812,46.89368057,20.47888374,0.977777778,105.3491898,18.33879471,90.84506989,31.93,2.05,11.97,0.97,3.06
283,75,1.880057745,3.873294088,2.968052626,0.771503687,4703.5,0.856794132,66.0089035,17.06284904,113.1477356,0.97431562,55.69005203,12.07731915,61.53199387,0.922222222,58.83248901,19.6994648,126.7353592,0.885185185,109.665802,36.31953812,75.31031799,0.40547138,81.4841156,33.23996353,47.01724625,0.040993266,0.516414141,0.011436832,0.696296296,170.2102051,50.73041916,23.26632881,0.692592593,408.1944885,87.13063812,3.034741163,0.092592593,298.5144043,42.14599991,0.019801166,0.718518519,125.6228104,53.71437073,51.49108887,0.855555556,76.66875458,23.91577911,98.88254547,37.44,2.94,14.99,1.09,3.28
284,76,1.575145688,3.527554391,2.697421074,0.79565081,4754,0.903703704,70.71179962,30.45864296,111.6656876,0.977777778,64.53070831,17.84897614,52.29993057,0.876020366,108.8067856,48.417202,73.8646698,0.720117845,146.7021027,65.57428741,43.15563965,0.287542088,141.3313141,61.99258041,16.71739769,0.445286195,0.152188552,0.092760943,0.355555556,177.457901,37.74010849,12.52185059,0.977777778,312.6153259,83.51773071,26.80108643,0.188888889,252.8033447,73.85053253,1.179133773,0.614814815,149.7312317,65.72856903,32.46623993,0.909259259,69.86808777,18.27355576,115.9808121,30.23,2.33,12.21,0.99,2.36
285,77,1.964338707,3.79966472,2.966935396,0.766082555,7376,0.977858293,36.96217346,7.63057375,158.462738,0.988624339,37.39223099,10.81235027,80.12433624,0.840654608,60.80668259,36.78412247,110.4252625,0.92962963,85.09893036,39.56518173,100.5949478,0.273148148,54.80607605,39.60325241,34.91239548,0.212962963,0.497222222,0.005291005,0.866666667,112.2114639,48.06193924,71.92021179,0.855555556,294.5698242,135.3214874,38.71892548,0.922222222,89.31435394,70.3057785,94.20851898,0.925925926,74.26520538,23.60343742,115.3374405,0.914814815,56.13766861,17.27457237,127.4907532,37.93,2.79,26.52,1.7,3.07
286,78,1.974378232,4.446811141,3.11660707,0.749653548,2169,0.860402576,56.13635635,22.70262146,118.9520493,0.731239936,48.59970474,16.45201683,49.76763916,0.593134598,68.36901093,35.21740341,74.37770081,0.596296296,134.1915131,42.34448242,38.59832764,0.27037037,78.13072968,30.33119774,31.78886414,0.233333333,0.196296296,0.031239936,0.408333333,198.0903931,23.01685143,3.672976494,0.7,181.8857422,66.35931396,77.83390045,0.233333333,243.3413239,142.1381683,4.763556004,0.241666667,102.3505325,48.78298569,9.96678257,0.425,71.08415222,12.44262695,21.7064209,34.47,3.17,13.58,NA,3.13
287,79,2.024918699,4.137715764,3.024921536,0.779152364,4043.5,0.818518519,41.37901688,11.90794849,126.6681442,0.893075684,37.37746048,6.0383811,71.255867,0.796537842,45.90590286,16.92280769,118.1377792,0.69503367,143.0255585,37.45633316,39.74671936,0.42962963,64.12477112,27.22581291,57.01552963,0.077777778,0.4,0,0.559259259,168.3094635,58.80131149,19.26062202,0.8,174.2949066,46.01603699,95.78033447,0.22962963,213.2925568,89.0953064,3.575864553,0.562962963,140.111618,42.69230652,37.27180862,0.962962963,76.59947968,15.54857731,115.9227524,34.44,2.34,25.39,1.42,2.36
288,80,2.022916667,3.90007615,2.905969024,0.786028802,2999,0.685185185,81.1967392,35.26325607,77.63674927,0.822624799,69.72289276,20.79632568,39.05120087,0.696296296,124.6449509,62.06735229,46.02354431,0.708776167,118.5932388,37.71368408,54.63411331,0.003703704,NA,NA,NA,0.112037037,0.757407407,0,0.224074074,194.1116943,36.30348587,3.308954,0.480555556,474.4725342,70.98140717,0.220973,0.333333333,260.0960999,46.07116699,0.688357413,0.475,118.6149216,54.87747574,26.273489,0.707407407,88.77908325,21.24225426,74.99184418,35.09,2.91,24.23,1.86,2.34
289,81,1.367219753,3.232815359,2.554943085,0.799765348,3534,1,30.16786957,5.953687191,168.8817291,0.996296296,29.87332916,4.628435135,89.08034515,0.988287143,39.68320847,9.56956768,156.8297577,0.985185185,67.59076691,19.67350197,128.026474,0.39469697,44.91945267,11.89173126,60.36589432,0.200841751,0.400757576,0,0.792592593,130.6723785,49.05626297,52.76403427,0.985185185,198.8919678,42.75210571,97.90816498,0.618518519,125.1058273,69.3840332,42.73984146,0.922222222,67.30426788,21.42055511,116.9551163,0.975,49.51813126,10.58576393,145.1286011,26.32,1.89,9.33,1.04,2.2
290,82,1.656207692,3.448753017,2.734452724,0.781233072,5189.5,0.985346216,44.19961548,21.08956146,146.9412994,0.988888889,43.75780106,10.85953045,73.81705475,0.951851852,61.26032639,21.0255146,128.7645111,0.988888889,87.12799072,21.13521957,109.205864,0.603703704,76.30108643,22.77539063,72.87303925,0.018518519,0.211111111,0.155555556,0.733333333,149.5624542,56.50069809,36.71700668,0.973821549,322.3642883,92.59261322,18.82721138,0.751851852,167.5059357,68.63612366,32.38425064,0.959259259,90.24401093,36.78517151,99.98926544,0.996296296,68.35079193,16.21177864,127.3840942,37.78,2.52,20.57,1.71,2.48
291,83,1.71875,3.836897209,2.983934283,0.762361556,2516,0.988888889,36.27658081,4.876348972,161.5079651,0.988888889,33.63613129,3.821854353,84.7689743,0.996296296,39.82964706,7.064427853,158.4927673,0.988888889,74.11424255,19.11799431,122.0871811,0.977777778,44.27959061,11.64214039,150.7584381,0.011111111,0,0,0.747624799,151.7731323,66.13585663,37.39600754,0.984259259,208.1110229,61.18383789,88.2554245,0.718518519,174.4713898,69.68582153,24.58631897,0.962037037,74.07181549,25.00421143,116.4230347,0.975,53.45924759,6.718470097,141.7305756,31.34,2.03,20.7,1.41,2.75
292,84,1.223087583,3.136800663,2.732023716,0.743866414,10589,0.965577342,57.53196335,7.487843037,136.4929962,0.948148148,53.17184448,8.378865242,62.85259628,0.903367003,68.21419525,12.43318462,118.3146591,0.77037037,127.3261185,33.32243347,53.17132568,0.635024155,93.33028412,23.31015015,64.98264313,0.077455717,0.147504026,0.088164251,0.540740741,177.4822388,46.67435837,13.21028519,0.881481481,326.1962891,75.6415329,16.85325623,0.896296296,181.4655914,40.54197693,22.02087593,0.788888889,142.1869965,48.19977951,43.66217041,0.922222222,62.82333374,9.706942558,123.6195602,29.1,1.72,13.68,1.04,3.24
293,85,1.509507576,3.301617634,2.616526246,0.803743213,7246,0.911111111,67.26363373,26.09682274,115.9146118,0.996296296,62.81402588,13.66320038,56.06180954,0.844444444,88.09442902,26.73693085,94.89733124,0.348148148,133.5251007,36.32384872,22.58715057,0.403703704,103.2138901,23.5273304,75.85494995,0.088888889,0.474074074,0.02962963,0.440740741,173.0056305,53.91196823,14.01826382,0.437037037,365.8691711,105.2611313,3.642713785,0.537037037,267.5558777,64.41877747,0.806071103,0.296296296,121.2441406,40.46827698,22.39612007,0.848148148,110.2716904,30.66619301,74.23407745,29.36,1.81,19.39,1.03,2.57
294,86,1.37376588,3.113120092,2.736721158,0.755548507,12879,0.977777778,48.4496727,15.1800127,145.3632355,0.970531401,57.75732803,16.40249443,58.51463318,0.751851852,76.41113281,26.83864403,90.59286499,0.891731266,125.8799362,45.71311569,63.08972549,0.059259259,62.90895462,15.98428345,12.8208456,0.011111111,0.862962963,0.037198068,0.751851852,161.917511,44.72192001,30.11194801,0.951851852,228.7657013,64.38751221,67.37402344,0.848148148,143.8226471,42.64162827,46.23625183,0.833333333,130.0917206,43.59866333,56.30400467,0.848148148,71.04441833,23.94780922,106.49366,26.97,1.92,11.79,1,2.94
295,87,1.443210565,3.88893179,3.099107504,0.713608712,4566.5,0.911069024,58.16081619,11.60480976,127.1736069,0.932816537,52.24188614,7.700212002,62.68378067,0.732659933,105.5560074,40.14683533,66.38182831,0.900805153,132.4259186,31.27143288,59.24470139,0.114814815,136.7681274,29.50166321,12.66550922,0.588888889,0.196296296,0.032816537,0.711111111,176.8513794,48.02842331,21.39195251,0.925925926,195.4438019,57.03901291,93.89813995,0.266666667,230.7290497,78.93375397,3.17083931,0.762962963,124.2469711,36.3519516,55.61685562,0.640740741,97.49269867,23.92702675,62.68756104,34.06,2.42,11.36,1.05,3.34
297,88,1.473432836,3.476491078,2.813962102,0.771053344,5888.5,0.941223833,99.7806015,20.49768639,92.13796234,0.907407407,94.28079224,15.66490936,22.70179558,0.874637681,122.7319031,24.814394,65.91883087,0.492592593,208.2575378,36.93390274,4.994648457,0.103703704,141.6809082,19.53590584,10.90595722,0.048148148,0.751851852,0.003703704,0.466666667,189.9311371,38.79866791,8.917759895,0.874074074,397.9115295,81.27439117,3.882543325,0.266666667,239.3220825,73.9616394,2.47081852,0.381481481,243.8749847,59.44752884,1.31707859,0.874074074,149.8679962,28.51160431,43.34485245,20.8,1.7,9.74,0.97,1.45
298,89,1.78270202,3.852557003,2.874164343,0.780585319,511.5,0.924074074,125.965889,32.91550827,65.77501678,0.88452381,115.8221741,32.49298096,10.13964558,0.05,NA,NA,10,0.091666667,198.1174164,46.98458862,2.81728673,0,NA,NA,NA,0.016666667,0.45,0.417857143,0.216666667,187.0482025,106.5762177,14.51785278,0.583333333,421.6546936,87.96102905,0.663805068,NA,NA,NA,NA,NA,NA,NA,NA,0.525925926,131.1687317,51.07905197,34.39149094,NA,NA,NA,1.2,1.89
299,90,1.990238095,4.464921411,3.307197928,0.734928906,6114.5,0.462962963,73.58563995,42.59240341,54.76459122,0.601771337,60.8494873,26.18082428,33.43460846,0.22962963,67.32699585,46.0981369,39.57594681,0.226936027,132.8043518,36.00952911,16.45123863,0.085185185,54.99592972,16.59390068,24.14064026,0.055555556,0.777777778,0,0.225925926,184.3708496,42.37919235,6.233855724,0.522222222,388.1079102,120.6471481,11.65866756,0.233333333,190.9127655,82.91585541,6.319196701,0.103703704,110.2369614,24.88314819,2.804368258,0.5,128.9079437,42.18655777,34.97720718,28.13,2.6,16.36,1.57,2.52
300,91,2.026209305,4.535072463,3.226487756,0.763749152,4203.5,0.988888889,86.88033295,24.24513435,108.6103287,0.97037037,79.28487396,31.66965675,37.50821686,0.837037037,94.9536438,43.09820557,82.63045502,0.47037037,209.5029755,66.6671524,7.961270809,0.188888889,136.9357147,62.90512848,15.33942318,0.644444444,0.159259259,0,0.581481481,195.7684479,30.2257061,6.404083729,0.966666667,332.3157043,102.2247925,14.59635925,0.488888889,224.399292,85.86422729,6.096790314,0.207407407,175.2396393,36.4859581,2.25716567,0.474074074,130.8032837,37.94127274,28.9583149,34.96,2.96,21.49,1.56,3.38
301,92,1.687804878,3.921163936,2.887084484,0.784644663,2493,0.992592593,46.85767746,9.090970039,150.9277649,0.97037037,43.21998596,8.986793518,73.23607635,0.462446167,223.3087158,65.05477142,18.11570549,0.911111111,115.7623978,40.02814865,74.51783752,0.007407407,NA,NA,NA,0.538888889,0.416666667,0.007407407,0.725322061,171.156723,54.73661423,26.36075783,0.992592593,198.0290527,35.66581726,99.4312439,0.1,230.5456848,122.5355911,3.65086031,0.508333333,90.02313995,31.04493713,45.15581131,0.938888889,68.04740143,15.29601192,121.2936096,32.54,2.5,14.38,1.07,3.51
302,93,1.798636795,3.653625742,2.879718304,0.762301147,8984.5,1,41.00324249,15.04770565,156.2076111,0.996296296,36.81009293,7.562756062,82.05431366,0.801127214,83.72730255,34.05775452,94.19034576,0.803703704,85.72704315,35.81292725,90.01013947,0.003703704,NA,NA,NA,0.037037037,0.959259259,-0.003703704,0.622222222,177.5312042,59.47680664,18.20950127,0.988888889,253.6373138,62.54837036,51.87661743,0.285185185,205.8132172,77.06537628,8.448031425,0.82962963,88.1772995,38.4526825,88.48033905,0.959259259,87.87128448,28.63775063,103.3841171,31.17,2.4,14.26,1.14,1.46
303,94,1.736363636,3.472991059,2.68413806,0.800197959,3332.5,1,73.77737427,19.19647026,124.4634628,0.996296296,68.39476776,15.72812653,50.08646774,0.931505532,94.96652985,25.69441795,95.43473053,0.633333333,188.6384277,62.54556274,17.11980629,0.059259259,111.112381,42.25038147,27.398489,0.118518519,0.803703704,0.014814815,0.425925926,200.5447845,13.73304749,1.844765306,1,355.6027832,62.61073303,8.030493736,0.542592593,278.0077209,45.90623856,0.18795234,0.49537037,170.81633,56.72439575,18.73133278,0.822222222,121.1523132,31.92745018,61.91771317,25.31,3.39,17.62,1.75,2.73
304,95,1.385761126,3.333474358,2.604073644,0.810143054,2368.5,0.920833333,60.68811035,30.26050949,120.4693451,0.962222222,51.26389694,16.55154991,62.71414948,0.918518519,68.3199234,25.99291229,117.1080551,0.71352657,115.8018417,45.97010422,58.14463806,0.192592593,88.4716568,27.25870514,20.85744858,0.266666667,0.518518519,0,0.696296296,169.0656586,59.79067993,24.50940895,0.962962963,268.6668396,73.6019516,37.57927322,0.348148148,141.8415222,61.43481445,20.40885353,0.614814815,114.8338699,69.5089798,48.76961136,0.914814815,78.83353424,31.60561562,103.7629318,38.95,2.04,15.29,0.98,3.02
305,96,1.688373322,3.728164824,2.814789414,0.79450348,7229.5,0.94468599,46.12055969,14.30457592,141.2737427,0.970688772,56.57516861,20.39133644,58.38292313,0.896296296,74.36793518,36.59531021,106.5426254,0.907407407,91.22016144,31.82431984,93.82363129,0.402254428,85.93192291,39.82939148,43.94670105,0.446618357,0.081481481,0.040334504,0.825925926,152.9234772,51.99505615,39.5726738,0.936111111,235.0024261,68.95629883,60.13848495,0.714774557,131.1311493,49.64916611,47.52508163,0.737962963,139.6203156,70.30696869,45.50744247,0.922222222,99.1270752,34.7795105,88.30690765,36.43,2.51,14.46,1.32,3.71
306,97,1.793324373,3.808867001,2.789019465,0.787456036,4375,0.89983165,52.45998764,20.37406921,128.7857819,0.947895623,43.88053513,11.15014744,70.32657623,0.940740741,53.72026443,24.58866119,132.032074,0.936784512,75.89163971,28.50596619,112.4932251,0.240740741,73.54808044,26.25594139,34.44300079,0.007407407,0.5,0.199747475,0.803703704,131.6424408,53.29078293,54.11885071,0.937037037,289.9491882,111.2370605,39.06971359,0.848148148,166.3204041,65.97449493,34.19513702,0.903703704,69.00015259,26.30791664,113.4213028,0.959259259,76.52370453,25.61399841,114.7986221,39.61,2.71,18.81,1.43,3.32
307,98,1.678185012,3.869188456,2.837083578,0.789246798,2784,0.974074074,82.54116058,24.59446526,111.5313187,0.992592593,60.92532349,15.7991991,57.2323761,0.203703704,104.5915222,19.76693726,31.42096138,0.066666667,140.3810577,34.68431473,9.251948357,0.007407407,NA,NA,NA,0.111111111,0.740740741,0.133333333,0.237037037,193.5161285,33.39667511,5.229916573,0.942592593,232.1722412,41.36359024,67.8017807,0.12037037,283.8763733,69.68870544,0.259586066,0.017777778,NA,NA,1.2,0.777777778,108.2702179,69.30483246,66.61332703,29.78,2.2,15.68,1.21,2.96
220,NA,1.133124347,2.711927609,2.478062034,0.769819081,3525.5,1,34.83007813,5.640505314,164.5762177,0.996296296,31.17118073,4.243737698,88.05511475,1,41.12471771,6.132648468,158.2698975,0.996296296,81.04157257,23.95666504,115.8730392,0.931878307,54.69224167,16.9567585,134.0590973,0.052777778,0.007407407,0.004232804,0.708333333,160.6560364,54.57270432,28.90994072,1,130.9147949,14.40237045,168.4582062,0.149074074,320.8315735,69.39720154,0.136306897,0.958333333,89.50556183,30.01956367,102.6434937,0.996296296,49.91046143,13.06292057,148.0138397,NA,NA,NA,NA,NA
230,NA,1.091915234,3.096872739,2.904274106,0.703941017,5866.5,0.698989899,113.9176712,35.34248352,57.73762512,0.869191919,77.97331238,21.10737419,35.15404129,0.025925926,NA,NA,NA,0.033172303,NA,NA,NA,0,NA,NA,NA,0.007407407,0.716666667,0.145117845,0.175,204.1473541,25.4029808,0.972299933,0.987962963,274.2754822,61.54758835,35.82623291,0.019444444,NA,NA,NA,0.036111111,NA,NA,0,0.362962963,139.0798645,29.40586472,20.41498184,NA,NA,NA,NA,NA
244,NA,1.609924175,3.615460446,2.873439789,0.764571071,5300.5,0.78831345,54.75393295,26.826828,111.4889832,0.955555556,50.81067276,20.23660088,63.66719055,0.611447811,121.5171585,69.4736557,41.13752747,0.556454331,123.173317,28.5224514,38.74943924,0.011111111,NA,NA,NA,0.125925926,0.585185185,0.233333333,0.3,160.7020416,54.22176743,13.77467346,0.922222222,214.9731598,109.4136276,77.95341492,0.67037037,243.5256805,39.47986221,1.059702992,0.611111111,112.3739395,48.69364548,50.21626282,0.925925926,90.20326996,23.03762245,98.08480072,NA,NA,NA,NA,NA
251,NA,1.08913707,2.622221317,2.447782516,0.773567468,4029.5,1,33.48914719,5.235687733,166.0966034,1,31.28229523,4.582701206,88.0690918,1,43.89677429,7.281610966,155.1508179,0.992592593,78.85207367,21.38679314,117.8208313,0.97037037,53.51440811,14.71181011,140.7621155,0.011111111,0.014814815,0.003703704,0.807407407,150.8527374,54.36359024,39.00756836,0.988888889,139.1208649,20.37881279,157.7552643,0.196296296,294.7049255,65.06891632,0.249951616,0.925925926,82.74390411,35.13980103,103.3384705,0.996296296,55.49543762,9.885788918,142.8950958,NA,NA,NA,NA,NA
296,NA,NA,NA,NA,NA,3902.5,0.955555556,39.01135635,9.82861805,153.6460571,0.988888889,33.0981102,5.554593563,85.40634918,1,42.5399437,6.640668392,156.8586273,0.970772947,95.24925995,33.3518219,101.7801285,0.940740741,48.73895645,12.38416767,140.5488586,0.011111111,0.044444444,0,0.785185185,160.3578491,61.2792778,33.50168228,0.992592593,142.0542755,24.82863808,155.1700745,0.237037037,275.3751526,80.44649506,0.72154516,0.874074074,88.87457275,41.93722916,91.13103485,NA,NA,NA,NA,NA,NA,NA,NA,NA
308,NA,1.811290323,4.03434871,2.803865314,0.800029278,913,0.788888889,70.2817688,26.43890953,98.56216431,0.705555556,70.04479218,28.01599884,33.42848587,0.308333333,109.9833527,55.31473923,47.8520546,0.346052632,184.1821136,103.0480728,15.43554878,NA,NA,NA,NA,NA,NA,NA,NA,NA,NA,NA,NA,NA,NA,NA,NA,NA,NA,NA,NA,NA,NA,NA,0.788888889,105.2801819,31.90062141,71.74280548,NA,NA,NA,NA,NA
